10
Campo Grande
Dourados
Tres Lagoas
Corumba
Ponta Pora
Navirai
Aquidauana
Paranaiba
Coxim
Nova Andradina
524.0
891.0
778.0
1424.0
450.0
868.0
1048.0
711.0
870.0
494.0
891.0
330.0
729.0
863.0
1011.0
307.0
533.0
692.0
720.0
1147.0
778.0
729.0
512.0
1262.0
612.0
706.0
714.0
1045.0
536.0
656.0
1197.0
863.0
1262.0
1396.0
1249.0
840.0
1066.0
998.0
1253.0
1385.0
450.0
1011.0
612.0
0.0
284.0
0.0
928.0
763.0
750.0
328.0
868.0
307.0
706.0
840.0
0.0
284.0
510.0
669.0
697.0
0.0
1048.0
533.0
714.0
1066.0
928.0
510.0
524.0
849.0
711.0
1064.0
711.0
692.0
1045.0
1225.0
763.0
669.0
849.0
512.0
1036.0
899.0
870.0
720.0
536.0
1253.0
750.0
697.0
711.0
1036.0
560.0
886.0
494.0
1147.0
656.0
0.0
328.0
0.0
1064.0
899.0
886.0
372.0
5
Campo Grande
Nova Andradina
Dourados
Coxim
Tres Lagoas
Paranaiba
Corumba
Aquidauana
Ponta Pora
Navirai
