900.000000
1175.000000
1062.000000
1708.000000
734.000000
1152.000000
1378.000000
1213.000000
1200.000000
778.000000
1175.000000
614.000000
1013.000000
1147.000000
1295.000000
591.000000
817.000000
976.000000
1004.000000
1339.000000
1062.000000
1013.000000
1024.000000
1546.000000
896.000000
990.000000
1216.000000
1375.000000
1048.000000
940.000000
1699.000000
1147.000000
1546.000000
1680.000000
1533.000000
1124.000000
1350.000000
1509.000000
1537.000000
1577.000000
734.000000
1295.000000
896.000000
1874.000000
568.000000
1318.000000
1212.000000
1047.000000
1034.000000
612.000000
1152.000000
591.000000
990.000000
1124.000000
1318.000000
568.000000
794.000000
953.000000
981.000000
1362.000000
1378.000000
817.000000
1216.000000
1350.000000
1212.000000
794.000000
1020.000000
1179.000000
1207.000000
1256.000000
1213.000000
976.000000
1375.000000
1509.000000
1047.000000
953.000000
1179.000000
1024.000000
1366.000000
1091.000000
1200.000000
1004.000000
1048.000000
1537.000000
1034.000000
981.000000
1207.000000
1366.000000
1072.000000
1078.000000
778.000000
1339.000000
940.000000
1918.000000
612.000000
1362.000000
1256.000000
1091.000000
1078.000000
656.000000
