262.000000
703.000000
590.000000
0.000000
308.000000
0.000000
0.000000
455.000000
0.000000
444.000000
703.000000
188.000000
541.000000
721.000000
0.000000
165.000000
345.000000
504.000000
532.000000
0.000000
590.000000
541.000000
256.000000
0.000000
470.000000
0.000000
458.000000
0.000000
280.000000
606.000000
941.000000
721.000000
0.000000
1254.000000
0.000000
698.000000
0.000000
742.000000
0.000000
0.000000
308.000000
0.000000
470.000000
0.000000
142.000000
0.000000
0.000000
0.000000
0.000000
186.000000
0.000000
165.000000
0.000000
698.000000
0.000000
142.000000
0.000000
0.000000
0.000000
0.000000
0.000000
345.000000
458.000000
0.000000
0.000000
0.000000
262.000000
0.000000
449.000000
0.000000
455.000000
504.000000
0.000000
0.000000
0.000000
0.000000
0.000000
256.000000
0.000000
0.000000
0.000000
532.000000
280.000000
0.000000
0.000000
0.000000
449.000000
0.000000
304.000000
0.000000
444.000000
0.000000
606.000000
0.000000
186.000000
0.000000
0.000000
0.000000
0.000000
230.000000
