524.000000
891.000000
778.000000
1424.000000
450.000000
868.000000
1048.000000
711.000000
870.000000
494.000000
891.000000
330.000000
729.000000
863.000000
1011.000000
307.000000
533.000000
692.000000
720.000000
1147.000000
778.000000
729.000000
512.000000
1262.000000
612.000000
706.000000
714.000000
1045.000000
536.000000
656.000000
1197.000000
863.000000
1262.000000
1396.000000
1249.000000
840.000000
1066.000000
998.000000
1253.000000
1385.000000
450.000000
1011.000000
612.000000
0.000000
284.000000
0.000000
928.000000
763.000000
750.000000
328.000000
868.000000
307.000000
706.000000
840.000000
0.000000
284.000000
510.000000
669.000000
697.000000
0.000000
1048.000000
533.000000
714.000000
1066.000000
928.000000
510.000000
524.000000
849.000000
711.000000
1064.000000
711.000000
692.000000
1045.000000
1225.000000
763.000000
669.000000
849.000000
512.000000
1036.000000
899.000000
870.000000
720.000000
536.000000
1253.000000
750.000000
697.000000
711.000000
1036.000000
560.000000
886.000000
494.000000
1147.000000
656.000000
0.000000
328.000000
0.000000
1064.000000
899.000000
886.000000
372.000000
